train_loss,train_acc,val_loss,val_acc,test_loss,test_acc
0.5390690565109253,0.95,0.6717442274093628,0.9333333333333333,0.6727311909198761,0.38304392236976503
0.5239507555961609,0.95,0.6476716995239258,0.9333333333333333,0.6504392325878143,0.5372829417773237
0.48311296105384827,0.9555555555555556,0.6227896213531494,0.9333333333333333,0.6299045383930206,0.5812053115423902
0.46725690364837646,0.9555555555555556,0.6001890897750854,0.9333333333333333,0.6038728952407837,0.6159346271705822
0.38295406103134155,0.9555555555555556,0.5800737738609314,0.9333333333333333,0.5865139961242676,0.6649642492339122
0.3281775116920471,0.9666666666666667,0.5732037425041199,0.9333333333333333,0.573576033115387,0.6680286006128703
0.28573742508888245,0.9777777777777777,0.5347483158111572,0.9333333333333333,0.5325963497161865,0.7191011235955056
0.2578158974647522,1.0,0.5159093737602234,0.9166666666666666,0.521562397480011,0.6956077630234934
0.20978711545467377,1.0,0.44570839405059814,0.9333333333333333,0.467692494392395,0.7824310520939735
0.1837877333164215,1.0,0.3680131137371063,0.9333333333333333,0.39724963903427124,0.8518896833503575
0.14466559886932373,1.0,0.33360880613327026,0.9333333333333333,0.376295730471611,0.86414708886619
0.11296664923429489,1.0,0.2691286504268646,0.9333333333333333,0.32999956607818604,0.8855975485188969
0.10435719043016434,1.0,0.24426968395709991,0.9333333333333333,0.30552156269550323,0.8549540347293156
0.14288513362407684,0.9944444444444445,0.23690861463546753,0.9333333333333333,0.3296548128128052,0.7936670071501531
0.09291306883096695,1.0,0.22551578283309937,0.9333333333333333,0.3071143105626106,0.7293156281920328
0.08101204037666321,1.0,0.19587638974189758,0.9333333333333333,0.39105696976184845,0.7793667007150153
0.05389222130179405,1.0,0.24347372353076935,0.9333333333333333,0.40150216221809387,0.7793667007150153
0.04365157335996628,1.0,0.22393105924129486,0.9333333333333333,0.35982875525951385,0.7722165474974463
0.03615289181470871,1.0,0.23784908652305603,0.9333333333333333,0.37090830504894257,0.7395301327885597
0.037345126271247864,1.0,0.24927376210689545,0.9333333333333333,0.41166427731513977,0.7129724208375894
0.02949238196015358,1.0,0.24422429502010345,0.9333333333333333,0.344583660364151,0.5760980592441266
0.03198590874671936,1.0,0.24490128457546234,0.9333333333333333,0.39287878572940826,0.5536261491317671
0.029090924188494682,1.0,0.23691591620445251,0.9333333333333333,0.4105366915464401,0.6465781409601634
0.02609546296298504,1.0,0.23947463929653168,0.9333333333333333,0.3188965618610382,0.6813074565883553
0.024700593203306198,1.0,0.24708254635334015,0.9333333333333333,0.32905539125204086,0.5801838610827375
0.021001745015382767,1.0,0.25087523460388184,0.9333333333333333,0.3741184324026108,0.4708886618998978
0.09450806677341461,0.9888888888888889,0.2504861056804657,0.9333333333333333,0.3888618052005768,0.39938712972420837
0.13901039958000183,0.9388888888888889,0.39818301796913147,0.9333333333333333,0.6305789202451706,0.4586312563840654
0.1177842989563942,0.9555555555555556,0.28966906666755676,0.9333333333333333,0.35915878415107727,0.5464759959141982
0.07509266585111618,0.9944444444444445,1.3970528841018677,0.35,1.1552706360816956,0.7497446373850868
0.06082501262426376,1.0,0.25841668248176575,0.9333333333333333,0.29953591525554657,0.7589376915219612
0.04390896111726761,1.0,0.21868561208248138,0.9333333333333333,0.253115750849247,0.7875383043922369
0.03998439013957977,1.0,0.22380763292312622,0.9333333333333333,0.28731001913547516,0.7701736465781409
0.03211253136396408,1.0,0.2066756784915924,0.9333333333333333,0.28655243664979935,0.7834525025536261
0.027371065691113472,1.0,0.2306440770626068,0.9166666666666666,0.2778225317597389,0.8549540347293154
0.023280739784240723,1.0,0.18892493844032288,0.9333333333333333,0.28453200310468674,0.8886618998978549
0.02779385633766651,1.0,0.2327529639005661,0.9333333333333333,0.3399392366409302,0.8232890704800817
0.023286376148462296,1.0,0.23477999866008759,0.9333333333333333,0.2994119003415108,0.8549540347293156
0.018641579896211624,1.0,0.219342440366745,0.9333333333333333,0.36549098789691925,0.8478038815117467
0.016586627811193466,1.0,0.18914860486984253,0.9333333333333333,0.2693945840001106,0.8702757916241063
0.014345125295221806,1.0,0.1826905906200409,0.9333333333333333,0.3200930953025818,0.8876404494382022
0.014392983168363571,1.0,0.19524425268173218,0.9333333333333333,0.29182349145412445,0.9009193054136875
0.013175596483051777,1.0,0.20983724296092987,0.9333333333333333,0.31880520284175873,0.8907048008171603
0.015637502074241638,1.0,0.21991580724716187,0.9333333333333333,0.3528134822845459,0.8764044943820224
0.011193234473466873,1.0,0.2239016592502594,0.9333333333333333,0.3086540400981903,0.8712972420837588
0.01090716477483511,1.0,0.22117803990840912,0.9333333333333333,0.30241286754608154,0.8426966292134831
0.011928780935704708,1.0,0.2182982861995697,0.9333333333333333,0.29407164454460144,0.7875383043922369
0.011560680344700813,1.0,0.21583805978298187,0.9333333333333333,0.37566109001636505,0.7364657814096016
0.011448747478425503,1.0,0.21746982634067535,0.9333333333333333,0.35613472759723663,0.7885597548518897
0.010067863389849663,1.0,0.2169654220342636,0.9333333333333333,0.3591455668210983,0.773237997957099
0.00932017806917429,1.0,0.21635702252388,0.9333333333333333,0.3202679008245468,0.6772216547497446
0.011883411556482315,1.0,0.2147299200296402,0.9333333333333333,0.3291515111923218,0.6823289070480081
0.008916450664401054,1.0,0.2146943062543869,0.9333333333333333,0.3665580302476883,0.6649642492339121
0.010392028838396072,1.0,0.21926505863666534,0.9333333333333333,0.37417949736118317,0.6557711950970377
0.011766755022108555,1.0,0.2249995619058609,0.9333333333333333,0.3699038028717041,0.6567926455566905
0.008524791337549686,1.0,0.22178180515766144,0.9333333333333333,0.35390612483024597,0.6894790602655771
0.011216910555958748,1.0,0.22104737162590027,0.9333333333333333,0.33083054423332214,0.6537282941777324
0.009653251618146896,1.0,0.22885066270828247,0.9333333333333333,0.37494270503520966,0.6424923391215526
0.03752566874027252,1.0,0.2515939772129059,0.9333333333333333,0.30428095161914825,0.8283963227783453
0.042710643261671066,0.9777777777777777,0.7259566187858582,0.9333333333333333,1.3306986689567566,0.5893769152196118
0.05954974889755249,0.9944444444444445,0.9889883399009705,0.65,1.0049229860305786,0.8059244126659857
0.036960821598768234,1.0,0.5487306118011475,0.9,0.5571676194667816,0.8140960163432074
0.042952995747327805,1.0,0.48786070942878723,0.8166666666666667,0.7035531997680664,0.8733401430030643
0.023611489683389664,1.0,1.8520392179489136,0.26666666666666666,2.1389520168304443,0.8825331971399387
0.028193524107336998,1.0,1.933040976524353,0.26666666666666666,2.3610332012176514,0.8437180796731358
0.015072464942932129,1.0,0.2876144051551819,0.8833333333333333,0.5632489621639252,0.8968335035750765
0.012477168813347816,1.0,0.17949222028255463,0.95,0.27934423089027405,0.9193054136874361
0.016154440119862556,1.0,0.17967095971107483,0.95,0.3212830722332001,0.9305413687436159
0.011271624825894833,1.0,0.17894713580608368,0.95,0.3439054638147354,0.898876404494382
0.012169665656983852,1.0,0.1986245959997177,0.9333333333333333,0.34412722289562225,0.8171603677221654
0.02584036812186241,1.0,0.1986028552055359,0.95,0.3384896442294121,0.8100102145045964
0.009813805110752583,1.0,0.21954011917114258,0.9333333333333333,0.3520701378583908,0.8171603677221654
0.009701241739094257,1.0,0.2545188069343567,0.9333333333333333,0.4419221431016922,0.8355464759959141
0.00938502512872219,1.0,0.2517160177230835,0.9333333333333333,0.4167589843273163,0.8243105209397343
0.009768456220626831,1.0,0.26548007130622864,0.9333333333333333,0.3664241284132004,0.7344228804902962
0.009520361199975014,1.0,0.2728482186794281,0.9333333333333333,0.3963460624217987,0.7620020429009193
0.008951066993176937,1.0,0.28977328538894653,0.9333333333333333,0.444047749042511,0.7691521961184882
0.008606193587183952,1.0,0.3035222887992859,0.9333333333333333,0.3991640955209732,0.6598569969356486
0.00849242229014635,1.0,0.31471139192581177,0.9333333333333333,0.4932529926300049,0.526046986721144
0.007971683517098427,1.0,0.32443368434906006,0.9333333333333333,0.5557861328125,0.41777323799795707
0.008428122848272324,1.0,0.33981427550315857,0.9333333333333333,0.5532764494419098,0.323799795709908
0.0199782345443964,1.0,0.325234591960907,0.9333333333333333,0.5167707353830338,0.33810010214504593
0.010533245280385017,1.0,0.3039447069168091,0.9333333333333333,0.46941985189914703,0.5280898876404494
0.007846870459616184,1.0,0.3095351755619049,0.9333333333333333,0.4708985388278961,0.49029622063329925
0.019986402243375778,1.0,0.2524489760398865,0.9333333333333333,0.3301580995321274,0.8478038815117468
0.013041246682405472,1.0,0.2091040015220642,0.9333333333333333,0.3489135652780533,0.881511746680286
0.012021343223750591,1.0,0.24698470532894135,0.9333333333333333,0.3727617487311363,0.7722165474974463
0.012554669752717018,1.0,0.28312861919403076,0.9333333333333333,0.3571091964840889,0.8089887640449438
0.0096064368262887,1.0,0.3159875273704529,0.9333333333333333,0.5601058453321457,0.7763023493360572
0.010370144620537758,1.0,0.3244308531284332,0.9333333333333333,0.47967180609703064,0.6874361593462717
0.00867806002497673,1.0,0.32727280259132385,0.9333333333333333,0.4985054135322571,0.735444330949949
0.009757110849022865,1.0,0.30959364771842957,0.9333333333333333,0.4577496200799942,0.8406537282941777
0.006926938891410828,1.0,0.2995286285877228,0.9333333333333333,0.44428811967372894,0.8416751787538304
0.009179226122796535,1.0,0.2929602563381195,0.9333333333333333,0.4441688805818558,0.8375893769152196
0.007666558492928743,1.0,0.29228436946868896,0.9333333333333333,0.4797145426273346,0.7997957099080695
0.007298882585018873,1.0,0.298174113035202,0.9333333333333333,0.48272527754306793,0.7293156281920328
0.00709016527980566,1.0,0.28995367884635925,0.9333333333333333,0.4849357306957245,0.7793667007150152
0.0075447093695402145,1.0,0.28265491127967834,0.9333333333333333,0.40414759516716003,0.8222676200204289
0.141275554895401,0.9444444444444444,1.4341150522232056,0.9333333333333333,2.4025814533233643,0.5944841675178754
0.26763296127319336,0.95,3.3022520542144775,0.9333333333333333,4.4636229276657104,0.599591419816139
0.10653422772884369,0.95,0.3865983188152313,0.9333333333333333,0.5892912447452545,0.4902962206332993
0.11796954274177551,0.95,0.4097349941730499,0.9,0.7091578245162964,0.5515832482124617
0.0683729350566864,0.9833333333333333,1.1939750909805298,0.08333333333333333,1.2200725674629211,0.8171603677221653
0.07317458838224411,1.0,1.6340560913085938,0.11666666666666667,1.8193376064300537,0.7425944841675179
0.05033953860402107,1.0,1.461781620979309,0.25,1.7872354984283447,0.7272727272727273
0.04020696133375168,1.0,1.034058928489685,0.48333333333333334,1.243839144706726,0.7211440245148111
0.03342841565608978,1.0,0.39370664954185486,0.85,0.5480683147907257,0.7446373850868233
0.02191850170493126,1.0,0.25528934597969055,0.9166666666666666,0.3206481635570526,0.8335035750766089
0.014160479418933392,1.0,0.25013986229896545,0.9333333333333333,0.31313785910606384,0.8559754851889683
0.013385245576500893,1.0,0.26485541462898254,0.9333333333333333,0.4161602705717087,0.8508682328907047
0.011621883139014244,1.0,0.25286000967025757,0.9333333333333333,0.30259063094854355,0.7660878447395302
0.011632215231657028,1.0,0.290936142206192,0.9166666666666666,0.3103513475507498,0.6945863125638407
0.008545204065740108,1.0,0.2940250039100647,0.9333333333333333,0.4350631982088089,0.6465781409601634
0.00792077835649252,1.0,0.31170347332954407,0.9333333333333333,0.5056066662073135,0.5842696629213483
0.018491283059120178,1.0,0.3274138867855072,0.9333333333333333,0.5189090222120285,0.4923391215526046
0.008361034095287323,1.0,0.3311663568019867,0.9333333333333333,0.49676255881786346,0.43105209397344224
0.009313998743891716,1.0,0.297933965921402,0.9333333333333333,0.4054994210600853,0.5669050051072523
0.0073711625300347805,1.0,0.27252256870269775,0.9333333333333333,0.37408529222011566,0.6670071501532175
0.007067633327096701,1.0,0.2659090459346771,0.9333333333333333,0.4152563214302063,0.7129724208375894
0.007384898141026497,1.0,0.2785429060459137,0.9333333333333333,0.4304588884115219,0.6016343207354444
0.008500425145030022,1.0,0.2822384238243103,0.9333333333333333,0.4655832350254059,0.6108273748723188
0.0158110111951828,1.0,0.29050371050834656,0.9333333333333333,0.4141351729631424,0.5413687436159347
0.007104305550456047,1.0,0.298580527305603,0.9333333333333333,0.47498807311058044,0.4637385086823289
0.007078306749463081,1.0,0.27139395475387573,0.9333333333333333,0.43320271372795105,0.6986721144024515
0.0067676967009902,1.0,0.2633667588233948,0.9333333333333333,0.4050759822130203,0.6700715015321757
0.010850821621716022,1.0,0.31361496448516846,0.9333333333333333,0.45657438039779663,0.616956077630235
0.007256596814841032,1.0,0.34626829624176025,0.9333333333333333,0.627774178981781,0.48723186925434114
0.009237991645932198,1.0,0.30478185415267944,0.9333333333333333,0.4878584146499634,0.5944841675178754
0.009724071249365807,1.0,0.2603321969509125,0.9333333333333333,0.3977460563182831,0.832482124616956
0.008709587156772614,1.0,0.25789138674736023,0.9333333333333333,0.4284684360027313,0.7170582226762001
0.008773432113230228,1.0,0.25476738810539246,0.9333333333333333,0.3913232535123825,0.713993871297242
0.006681002210825682,1.0,0.23908430337905884,0.9333333333333333,0.3329729661345482,0.8335035750766088
0.009449132718145847,1.0,0.25567445158958435,0.9333333333333333,0.3708617091178894,0.8222676200204291
0.00842777919024229,1.0,0.2801148593425751,0.9333333333333333,0.46852676570415497,0.6547497446373851
0.007594982627779245,1.0,0.2745237350463867,0.9333333333333333,0.3768765926361084,0.7385086823289071
0.031095994636416435,1.0,0.39907196164131165,0.85,0.39020608365535736,0.8753830439223698
0.04618550091981888,0.9888888888888889,1.0831810235977173,0.55,1.3214209079742432,0.8661899897854954
0.12057656794786453,0.9777777777777777,3.4604990482330322,0.23333333333333334,4.3000006675720215,0.832482124616956
0.09970454126596451,0.9888888888888889,8.765890121459961,0.08333333333333333,10.262413024902344,0.801838610827375
0.04919358715415001,0.9888888888888889,27.846797943115234,0.06666666666666667,25.119263648986816,0.8590398365679265
0.30248942971229553,0.9611111111111111,6.599982738494873,0.11666666666666667,6.886876106262207,0.9244126659856997
0.0478043407201767,1.0,4.733521461486816,0.26666666666666666,4.867486476898193,0.8171603677221654
0.038558922708034515,1.0,4.816084861755371,0.08333333333333333,4.702144145965576,0.8478038815117467
0.019296277314424515,1.0,2.9378623962402344,0.13333333333333333,3.120741367340088,0.8866189989785495
0.05326008424162865,0.9944444444444445,0.8165484070777893,0.75,0.9678490459918976,0.9050051072522982
0.017506644129753113,1.0,0.26712125539779663,0.8666666666666667,0.4184163808822632,0.8947906026557713
0.022517992183566093,1.0,0.19332630932331085,0.9166666666666666,0.3325624614953995,0.8825331971399388
0.0192872304469347,1.0,0.16819997131824493,0.95,0.28523558750748634,0.8917262512768132
0.014862005598843098,1.0,0.15612302720546722,0.95,0.3253270238637924,0.9009193054136874
0.012224763631820679,1.0,0.1939365416765213,0.9333333333333333,0.27996234968304634,0.9121552604698671
0.01864493265748024,1.0,0.25376325845718384,0.9333333333333333,0.3875066339969635,0.9121552604698672
0.009898477233946323,1.0,0.27740582823753357,0.9333333333333333,0.42864754796028137,0.8621041879468846
0.008287996985018253,1.0,0.2841252386569977,0.9333333333333333,0.4230172783136368,0.8335035750766088
0.007772860117256641,1.0,0.2880994379520416,0.9333333333333333,0.495463564991951,0.8100102145045965
0.008107202127575874,1.0,0.29800736904144287,0.9333333333333333,0.5554572939872742,0.7895812053115423
0.0081984493881464,1.0,0.31374984979629517,0.9333333333333333,0.5313429981470108,0.7538304392236976
0.009006677195429802,1.0,0.32946041226387024,0.9333333333333333,0.4715281277894974,0.6996935648621041
0.008713314309716225,1.0,0.3360746502876282,0.9333333333333333,0.4800111651420593,0.6598569969356487
0.009337340481579304,1.0,0.3368017077445984,0.9333333333333333,0.46814464777708054,0.6302349336057201
0.007981223985552788,1.0,0.33230534195899963,0.9333333333333333,0.4864625036716461,0.6189989785495402
0.006535548251122236,1.0,0.3219161331653595,0.9333333333333333,0.5082841664552689,0.6455566905005108
0.006057379301637411,1.0,0.317665159702301,0.9333333333333333,0.5019823908805847,0.6557711950970377
0.006264248862862587,1.0,0.3224165737628937,0.9333333333333333,0.5001056790351868,0.6138917262512769
0.006430273875594139,1.0,0.31745558977127075,0.9333333333333333,0.43753883242607117,0.6057201225740552
0.007048959843814373,1.0,0.31507521867752075,0.9333333333333333,0.5152664184570312,0.6281920326864148
0.006039738189429045,1.0,0.31975486874580383,0.9333333333333333,0.4796396791934967,0.5883554647599591
0.005908166989684105,1.0,0.3160806894302368,0.9333333333333333,0.4147055596113205,0.612870275791624
0.02376478724181652,1.0,0.31939810514450073,0.9333333333333333,0.4763641804456711,0.4790602655771195
0.03271946683526039,0.9833333333333333,5.529991149902344,0.1,5.810092449188232,0.7303370786516854
0.047630805522203445,1.0,13.25963306427002,0.06666666666666667,12.61094617843628,0.7548518896833503
0.022298293188214302,0.9888888888888889,4.661203384399414,0.1,4.219109535217285,0.871297242083759
0.037119295448064804,0.9888888888888889,3.5233359336853027,0.18333333333333332,2.8364131450653076,0.843718079673136
0.028980262577533722,0.9944444444444445,2.5060131549835205,0.3333333333333333,2.0741565823554993,0.8335035750766088
0.03978043422102928,0.9944444444444445,0.512169361114502,0.7833333333333333,0.5950120538473129,0.8253319713993872
0.025268439203500748,1.0,0.12644438445568085,0.9333333333333333,0.3587399125099182,0.8692543411644535
0.018899643793702126,1.0,0.15382681787014008,0.95,0.4344186931848526,0.8621041879468845
0.015163013711571693,1.0,0.18712906539440155,0.9166666666666666,0.45951178669929504,0.8304392236976506
0.011466696858406067,1.0,0.1786857694387436,0.9333333333333333,0.41326500475406647,0.8569969356486209
0.009995639324188232,1.0,0.2584974765777588,0.9333333333333333,0.5539235323667526,0.8192032686414709
0.012635055929422379,1.0,0.32046204805374146,0.9333333333333333,0.4844698905944824,0.8130745658835548
0.013716981746256351,1.0,0.2954160273075104,0.9333333333333333,0.47956302762031555,0.8478038815117466
0.011113835498690605,1.0,0.2917797863483429,0.9333333333333333,0.5630258917808533,0.8028600612870275
0.008405282162129879,1.0,0.30691561102867126,0.9333333333333333,0.6491850167512894,0.7374872318692544
0.0085630863904953,1.0,0.3220842480659485,0.9333333333333333,0.4840662032365799,0.6833503575076609
0.006788683123886585,1.0,0.31367743015289307,0.9333333333333333,0.5217989683151245,0.7129724208375894
0.00794461090117693,1.0,0.30614426732063293,0.9333333333333333,0.5225053280591965,0.755873340143003
0.01001080684363842,1.0,0.306296706199646,0.9333333333333333,0.5190352350473404,0.7752808988764044
0.007296886760741472,1.0,0.3101913332939148,0.9333333333333333,0.43046262860298157,0.7946884576098059
0.008513295091688633,1.0,0.3085785508155823,0.9333333333333333,0.5404878556728363,0.8008171603677221
0.00669879512861371,1.0,0.3066554665565491,0.9333333333333333,0.481717050075531,0.8161389172625129
0.010471973568201065,1.0,0.31042733788490295,0.9333333333333333,0.47405770421028137,0.8283963227783453
0.007993222214281559,1.0,0.3076188266277313,0.9333333333333333,0.49356208741664886,0.8447395301327885
0.006611166521906853,1.0,0.29675814509391785,0.9333333333333333,0.5161303579807281,0.8478038815117467
0.008679921738803387,1.0,0.2943408787250519,0.9333333333333333,0.4503070116043091,0.8396322778345251
0.008843186311423779,1.0,0.3012368083000183,0.9333333333333333,0.4678821712732315,0.8335035750766087
0.0069085159339010715,1.0,0.3009452223777771,0.9333333333333333,0.4438020586967468,0.8355464759959141
0.007675500586628914,1.0,0.31417718529701233,0.9333333333333333,0.5401986986398697,0.8467824310520939
0.0068633537739515305,1.0,0.32504701614379883,0.9333333333333333,0.5241737067699432,0.8314606741573034
0.006965802051126957,1.0,0.32121542096138,0.9333333333333333,0.47149109840393066,0.8559754851889683
0.020186278969049454,1.0,0.327820748090744,0.9333333333333333,0.44720451533794403,0.8396322778345251
0.009281936101615429,1.0,0.341526061296463,0.9333333333333333,0.4649815112352371,0.839632277834525
0.013020006939768791,1.0,0.33277422189712524,0.9333333333333333,0.4863107353448868,0.8406537282941777
0.009320387616753578,1.0,0.3109871447086334,0.9333333333333333,0.38904816657304764,0.8478038815117467
0.01024349220097065,1.0,0.34546032547950745,0.9333333333333333,0.6194129660725594,0.8764044943820225
0.007462155539542437,1.0,0.34857335686683655,0.9333333333333333,0.549253523349762,0.8518896833503574
0.0075383614748716354,1.0,0.3171009421348572,0.9333333333333333,0.4786890596151352,0.7946884576098059
0.008561861701309681,1.0,0.305899053812027,0.9333333333333333,0.47000008821487427,0.7528089887640449
0.007957876659929752,1.0,0.30356070399284363,0.9333333333333333,0.5011618286371231,0.7834525025536261
0.03391091525554657,1.0,0.3134990632534027,0.9333333333333333,0.47476528584957123,0.261491317671093
0.047220535576343536,0.9666666666666667,3.2123117446899414,0.15,2.903002977371216,0.8723186925434115
0.06608393043279648,0.9944444444444445,1.142333745956421,0.6666666666666666,2.484372615814209,0.8243105209397343
0.03487931191921234,0.9944444444444445,1.8044081926345825,0.55,3.2901089191436768,0.7425944841675178
0.053590577095746994,1.0,5.980449199676514,0.11666666666666667,5.73305606842041,0.8243105209397343
0.016322093084454536,1.0,0.8948410153388977,0.75,1.7451960444450378,0.8365679264555668
0.018116336315870285,1.0,0.5813383460044861,0.8333333333333334,1.5377891063690186,0.804902962206333
0.016468577086925507,1.0,0.3538571894168854,0.85,1.238690584897995,0.8518896833503574
0.015116194263100624,1.0,0.20638291537761688,0.9,0.6499709561467171,0.8978549540347291
0.016662877053022385,1.0,0.15781617164611816,0.95,0.6517091244459152,0.9121552604698671
0.010169901885092258,1.0,0.18901467323303223,0.9333333333333333,0.6021920889616013,0.9152196118488253
0.010803526267409325,1.0,0.239981546998024,0.9333333333333333,0.4906991273164749,0.9039836567926456
0.009900649078190327,1.0,0.2828368544578552,0.9333333333333333,0.5450914204120636,0.8825331971399386
0.008441709913313389,1.0,0.30531078577041626,0.9333333333333333,0.5246178060770035,0.8478038815117466
0.008113065734505653,1.0,0.3099422752857208,0.9333333333333333,0.5479252934455872,0.8110316649642492
0.008525487966835499,1.0,0.3269674479961395,0.9333333333333333,0.56404909491539,0.7711950970377937
0.007486613932996988,1.0,0.3385472893714905,0.9333333333333333,0.6521558463573456,0.7385086823289071
0.02793317288160324,1.0,0.36000269651412964,0.9333333333333333,0.5288120806217194,0.6833503575076608
0.010457088239490986,1.0,0.36676475405693054,0.9333333333333333,0.5779107809066772,0.6659856996935649
0.0099522415548563,1.0,0.3352718949317932,0.9333333333333333,0.6132931858301163,0.7558733401430031
0.010616570711135864,1.0,0.3054206669330597,0.9333333333333333,0.4292146675288677,0.8110316649642493
0.007122622802853584,1.0,0.3137880861759186,0.9333333333333333,0.45540396869182587,0.7926455566905004
0.007752618752419949,1.0,0.3389047086238861,0.9333333333333333,0.6437931656837463,0.7517875383043922
0.0073880781419575214,1.0,0.34416663646698,0.9333333333333333,0.5718144178390503,0.6976506639427988
0.007472415454685688,1.0,0.34212446212768555,0.9333333333333333,0.5166769325733185,0.6680286006128702
0.008556055836379528,1.0,0.33311790227890015,0.9333333333333333,0.5605623126029968,0.6578140960163432
0.006822683848440647,1.0,0.3329257071018219,0.9333333333333333,0.6108274757862091,0.6424923391215527
0.0070829810574650764,1.0,0.33160266280174255,0.9333333333333333,0.4844127595424652,0.6271705822267619
0.008482888340950012,1.0,0.3315836787223816,0.9333333333333333,0.5716843605041504,0.6210418794688457
0.008527613244950771,1.0,0.3305732309818268,0.9333333333333333,0.5701252222061157,0.585291113381001
0.009539117105305195,1.0,0.32560357451438904,0.9333333333333333,0.5084966570138931,0.5822267620020429
0.00871312152594328,1.0,0.2694891393184662,0.9333333333333333,0.4747462496161461,0.7272727272727273
0.015324016101658344,1.0,0.1240476742386818,0.95,0.3887513354420662,0.8437180796731358
0.04501581937074661,0.9833333333333333,2.1089577674865723,0.3333333333333333,2.421418309211731,0.8672114402451481
0.020064111799001694,1.0,1.2655549049377441,0.55,1.3759989738464355,0.7854954034729316
0.11358994990587234,0.9833333333333333,0.6474695801734924,0.7333333333333333,0.8985138833522797,0.8508682328907047
0.03573445603251457,1.0,2.3097963333129883,0.55,1.5820592641830444,0.906026557711951
0.02734515257179737,1.0,1.1884055137634277,0.65,0.8623961806297302,0.9152196118488253
0.01653377152979374,1.0,0.38297078013420105,0.8666666666666667,0.40336552262306213,0.9070480081716036
0.018960561603307724,1.0,0.11561856418848038,0.9833333333333333,0.3736105337738991,0.9050051072522982
0.011580023914575577,1.0,0.13253875076770782,0.95,0.27830933034420013,0.9203268641470888
0.0180257149040699,1.0,0.16761645674705505,0.95,0.2534019351005554,0.9417773237997957
0.010625247843563557,1.0,0.2094617486000061,0.9333333333333333,0.3143558129668236,0.9530132788559754
0.009692395105957985,1.0,0.251521497964859,0.9333333333333333,0.4010843485593796,0.9315628192032686
0.008314762264490128,1.0,0.28795626759529114,0.9333333333333333,0.5011002570390701,0.8845760980592442
0.007811420131474733,1.0,0.3009357452392578,0.9333333333333333,0.3856232538819313,0.8283963227783453
0.007794905919581652,1.0,0.30114036798477173,0.9333333333333333,0.5204705446958542,0.8028600612870276
0.007946082390844822,1.0,0.29792508482933044,0.9333333333333333,0.4519881010055542,0.804902962206333
0.026172928512096405,1.0,0.313681036233902,0.9333333333333333,0.43855927884578705,0.7477017364657814
0.010137070901691914,1.0,0.3165062665939331,0.9333333333333333,0.48693421483039856,0.6802860061287028
0.014274061657488346,1.0,0.29685184359550476,0.9333333333333333,0.4696020632982254,0.8079673135852912
0.011362285353243351,1.0,0.2932013273239136,0.9333333333333333,0.4960382580757141,0.8467824310520939
0.010288296267390251,1.0,0.31700918078422546,0.9333333333333333,0.5086525976657867,0.7824310520939735
0.02789626643061638,1.0,0.2883729338645935,0.9333333333333333,0.4834805279970169,0.8161389172625128
0.013414878398180008,1.0,0.2220088541507721,0.9333333333333333,0.37391896545886993,0.8610827374872319
0.010012774728238583,1.0,0.21449169516563416,0.9333333333333333,0.32514796406030655,0.8651685393258427
0.017288925126194954,1.0,0.24707750976085663,0.9333333333333333,0.3427449092268944,0.8437180796731358
0.010982449166476727,1.0,0.2951922118663788,0.9333333333333333,0.43371210992336273,0.8273748723186924
0.012062734924256802,1.0,0.2711828351020813,0.9333333333333333,0.416144996881485,0.8426966292134831
0.008659775368869305,1.0,0.28213804960250854,0.9333333333333333,0.4636717289686203,0.8426966292134831
0.008742270059883595,1.0,0.2943311035633087,0.9333333333333333,0.4825930744409561,0.8365679264555669
0.010476981289684772,1.0,0.28661105036735535,0.9333333333333333,0.43164922297000885,0.8529111338100102
0.009424520656466484,1.0,0.28504836559295654,0.9333333333333333,0.3824596703052521,0.8600612870275791
0.0075738802552223206,1.0,0.3046944737434387,0.9333333333333333,0.4532409906387329,0.8263534218590398
0.009645788930356503,1.0,0.30401894450187683,0.9333333333333333,0.44873131811618805,0.8212461695607763
0.007695723790675402,1.0,0.3111300468444824,0.9333333333333333,0.4927307814359665,0.8375893769152196
0.007545915897935629,1.0,0.3098750114440918,0.9333333333333333,0.544418066740036,0.8447395301327885
0.007548514287918806,1.0,0.30494776368141174,0.9333333333333333,0.5172533839941025,0.8508682328907048
0.008566992357373238,1.0,0.31431037187576294,0.9333333333333333,0.4858039617538452,0.8590398365679264
0.007422442082315683,1.0,0.3198622763156891,0.9333333333333333,0.4932633936405182,0.8539325842696629
0.007009325549006462,1.0,0.31904664635658264,0.9333333333333333,0.4612022936344147,0.8518896833503575
0.011856392957270145,1.0,0.2958626449108124,0.9333333333333333,0.4195030480623245,0.8314606741573034
0.009239413775503635,1.0,0.28005990386009216,0.9333333333333333,0.39683017134666443,0.8365679264555669
0.007331954315304756,1.0,0.3311932682991028,0.9333333333333333,0.55540931224823,0.8702757916241062
0.007706185802817345,1.0,0.3558741509914398,0.9333333333333333,0.5979786515235901,0.7436159346271706
0.00739672128111124,1.0,0.34676429629325867,0.9333333333333333,0.49797144532203674,0.7865168539325843
0.011313457041978836,1.0,0.3242095708847046,0.9333333333333333,0.4848431199789047,0.8447395301327885
0.018625376746058464,1.0,0.24619463086128235,0.9333333333333333,0.3160999193787575,0.9050051072522982
0.01682133786380291,1.0,0.213960200548172,0.95,0.3608264923095703,0.7895812053115424
0.011578163132071495,1.0,0.12759333848953247,0.95,0.3910190910100937,0.7957099080694585
0.01488197036087513,1.0,0.20712058246135712,0.9,0.6580226272344589,0.8529111338100102
0.011705600656569004,1.0,0.0903763473033905,0.95,0.3809887897223234,0.8896833503575077
0.024387765675783157,0.9888888888888889,1.3691357374191284,0.55,1.4587042331695557,0.9346271705822267
0.048919036984443665,0.9944444444444445,4.5494184494018555,0.18333333333333332,4.347275376319885,0.9233912155260469
0.027332719415426254,1.0,1.086118459701538,0.7166666666666667,1.1989955604076385,0.9356486210418795
0.01987292990088463,1.0,0.9875652194023132,0.75,1.1220093667507172,0.9274770173646577
0.012668183073401451,1.0,1.1573625802993774,0.6833333333333333,1.439107894897461,0.9325842696629214
0.013147575780749321,1.0,0.28960344195365906,0.9166666666666666,0.5679224133491516,0.8907048008171603
0.0194722730666399,1.0,0.16299906373023987,0.95,0.33589253574609756,0.8457609805924412
0.011413004249334335,0.9944444444444445,0.15982061624526978,0.9,0.3233226016163826,0.898876404494382
0.020882567390799522,1.0,0.17589722573757172,0.9,0.4604170098900795,0.9039836567926456
0.013313730247318745,1.0,0.18923352658748627,0.95,0.47365617752075195,0.871297242083759
